346732
348847
409162
343729
331369
400869
363088
354008
368314
355901
393756
404072
379593
327259
334376
393826
365176
356962
319174
358955
363183
341501
362084
372325
323173
399031
357978
347738
364132
312880
306788
358039
372336
289441
406186
348837
309840
365196
384547
375467
383672
379494
423463
385675
375329
426606
316057
418324
366271
433847
360000
305671
337504
348784
340611
406161
313933
337501
374423
378496
331364
339594
385681
394921
332340
339542
384608
352924
364154
333334
362108
290479
334506
365173
384594
383599
395884
347792
376398
385695
369245
366214
333465
415344
330416
311025
333495
347787
331385
378526
314013
391723
332466
288347
314007
374338
343740
327381
302806
306911
311961
419495
361076
375407
359999
304732
309965
314975
295565
379440
320065
344620
355853
351890
335492
377512
341636
357989
290512
364133
340599
389783
373420
323195
335492
353855
378607
336464
324226
350814
357973
325205
384664
312942
382596
386687
305792
345685
355945
376439
327322
341625
350888
367205
320146
365177
384551
338590
361105
334454
367188
329384
286346
345684
290456
368228
305893
325251
375384
330358
337591
280193
384581
367243
327250
323226
318120
323155
333395
292582
358057
338564
361006
313989
312962
332374
293522
333507
325311
347822
300691
355041
359062
343695
406136
364120
377384
346722
351917
381576
360048
389678
320166
327364
376422
409146
419413
329277
341509
373380
379501
315046
381501
300753
378389
331456
362029
362070
317049
336451
327249
274118
314981
321126
373323
331431
345685
368356
346710
299699
391844
334446
326294
397884
320073
385667
348786
351853
356007
371233
338529
324190
362186
383657
320115
311018
381555
278180
360000
333537
383613
335542
368192
339591
322195
348853
360089
343707
385619
360082
304777
317047
398999
275046
339537
430645
353931
407181
392748
343678
360149
335528
331389
340658
320086
388710
354991
344644
336552
400011
379522
394807
369328
370284
422470
322258
387681
363122
351805
364085
377493
305858
325195
350838
301696
349745
356956
355918
306876
341650
375473
276088
307804
334445
346651
339518
329380
315037
378525
287473
334500
352976
346696
348825
331362
286437
326314
328400
381568
324175
381512
382593
330345
320216
318149
359080
352843
329351
364174
330327
351868
328367
380541
380454
330319
321165
358969
321156
364046
335498
325172
361088
381572
334406
384628
375446
384673
343745
367321
358968
392794
344733
360002
343768
365159
304756
382577
333469
356043
344714
360068
310943
332365
383484
374425
311916
313984
320174
335441
335487
383687
309824
351830
343565
324194
351799
346796
327299
325276
298621
314009
363086
396894
311951
335442
320119
328379
342711
337499
324170
361158
429685
303720
307842
363124
327301
349845
340678
339623
362136
334378
348788
388724
311904
382639
308935
415310
315006
378407
351886
364272
338563
373363
391849
337553
355990
406195
345703
358001
326300
331354
395837
317111
353929
350869
393892
394861
357020
312906
344726
366172
358952
355015
328303
369312
367240
329435
354928
344667
306836
310994
359947
355936
333362
332362
345688
401073
321114
391721
336542
340709
345811
378502
343656
348742
354907
354897
348790
322155
299682
339549
372361
344764
349785
331281
388692
368293
376495
379555
351841
405129
341660
353963
400012
333460
289431
328277
332510
351784
355905
375397
360134
339627
327311
349745
356003
431637
359055
290417
350843
365148
327260
363135
333498
374506
353937
378505
333449
369209
323260
386577
306807
344731
314933
344763
374301
310904
339574
379444
342692
352833
351900
347792
349890
324242
386681
326337
391782
334575
309964
386722
369212
351851
334472
310855
285243
372373
351867
307854
351864
345837
371394
333412
326366
375475
366129
374472
363053
388657
335435
370349
360101
331305
384641
357972
396904
367218
375367
373425
337584
362084
352864
317070
387666
323146
344692
320144
343634
313988
386599
341601
295560
348852
349894
341603
320018
342561
345776
343698
351924
352892
327414
390830
359957
368240
339526
324203
319021
305803
310004
328360
323196
341610
383661
333533
322123
321114
382641
392845
368279
354883
334469
347730
344769
369273
405119
340649
289476
375388
337566
343704
405118
334481
337619
343735
358988
365215
329249
362069
298523
326225
379501
394944
356951
395890
393837
396881
363131
369266
366236
372450
367270
348801
309896
383592
344760
325320
356971
310895
356086
311954
365064
364181
350816
383569
343682
317077
333371
338610
347838
364075
350987
365152
352905
351834
398973
321204
332513
368298
303749
361084
336509
349790
348720
326224
370301
335527
334463
364183
287401
336395
372263
323135
354935
349875
378525
360077
385689
337526
388762
370251
336459
354957
336619
380476
355005
305865
358055
362072
356943
302752
384743
379500
343741
380503
312944
338657
279133
366174
324196
364109
327264
399956
363092
344673
339514
381568
297593
354017
374468
372400
402059
387665
377426
360098
379564
306729
409251
396924
365113
363167
351948
358019
340609
381545
411252
310886
359117
287420
330330
336509
330297
365182
297621
362167
313045
349796
311937
337421
364103
291498
316059
353910
332387
365202
348795
377462
331277
358037
377535
328362
289501
373302
350899
361158
321206
352924
350848
361072
305821
342656
401060
369313
358948
375297
385601
354002
376465
348859
303702
363157
357042
288335
376464
357911
336554
343611
347795
294544
306841
377483
381521
396813
368293
294637
384604
320181
349919
407120
376423
319137
342613
301715
302725
326294
338576
379492
412322
343688
373438
415415
388700
370271
388751
359064
366285
350754
364086
339597
349808
347739
346785
365175
354996
348805
307910
348787
365214
357952
369306
381646
363123
330406
303736
376340
364187
336412
341686
327287
326313
354877
336505
367158
404054
341685
313988
349833
327272
348868
390771
354017
379600
349715
370255
337530
357926
362187
287272
346729
307842
352838
297652
323197
345701
388777
330318
363080
338495
385681
376524
366169
375383
330324
381659
329260
364132
359061
336499
359025
323158
335418
351971
369275
346750
339568
335494
352938
297652
275091
339704
280129
351868
320140
365174
307818
381581
313018
347709
333447
357113
326251
352834
340516
337516
377515
319219
324193
377510
407201
382595
409211
315004
352859
351947
352958
309888
351854
381586
393911
339613
373437
350800
387693
318031
366181
341594
375529
362063
333454
356000
330395
337447
328344
337535
348778
376564
355023
345725
338533
362108
337527
313945
363049
342636
383611
360063
322252
349852
312004
401940
378435
302652
354966
352884
324198
287368
385611
341690
330410
387670
349797
331371
311929
363232
312033
378567
326275
337574
322213
379436
312019
389709
354993
358989
309828
340662
337508
318075
283383
360057
384613
316000
323249
358915
389656
345788
351928
374359
384678
348677
310935
391785
388712
338584
335418
342628
358069
344727
386628
367343
392791
364117
328376
356014
377511
353949
323172
375344
305732
366153
369364
349800
330395
351816
310968
320086
348883
321200
380563
374369
340536
372340
340584
390795
375402
311915
344774
382674
327240
