13
9
16
17
9
14
10
13
16
10
13
17
11
15
11
24
14
15
16
9
17
18
15
10
17
13
15
10
13
12
17
19
8
12
19
14
17
5
18
14
14
12
18
11
13
10
12
9
6
14
8
13
11
9
15
9
22
20
19
12
26
7
10
14
11
17
11
15
14
12
23
18
18
14
15
14
19
9
19
12
14
13
6
17
14
8
12
18
12
16
11
14
20
15
22
11
13
17
14
15
14
13
10
15
11
15
13
13
20
15
22
7
15
19
13
17
16
13
15
13
14
7
11
17
17
15
19
17
14
12
9
8
23
11
12
14
12
19
13
14
16
16
11
16
9
8
19
5
13
19
14
14
20
16
9
11
17
11
18
14
8
23
23
17
21
19
19
10
14
11
15
12
14
17
21
15
7
12
12
10
12
19
14
13
12
13
11
13
14
14
15
9
14
16
12
20
12
10
15
17
5
13
11
10
17
10
13
16
19
11
15
14
12
14
14
9
10
13
17
14
20
14
20
15
13
18
13
11
12
9
18
4
10
6
23
6
10
14
12
14
14
19
13
6
12
13
17
16
11
18
7
10
9
18
8
9
23
10
14
20
15
20
15
17
15
22
15
17
10
11
16
16
19
15
13
6
16
19
22
16
21
11
13
15
15
10
16
13
16
8
12
17
11
12
17
20
18
11
20
17
19
14
14
21
6
17
10
16
13
13
13
7
13
15
18
13
20
14
20
15
19
14
8
15
9
10
17
14
15
13
16
14
12
13
20
19
16
20
7
11
15
16
18
17
5
11
8
12
13
14
16
20
18
10
17
7
20
15
9
13
8
7
16
14
11
10
19
14
15
14
6
14
7
20
18
20
18
11
15
11
11
13
12
10
14
19
15
16
16
12
6
12
15
7
19
18
11
14
14
17
13
18
19
10
19
11
16
11
20
19
9
15
13
14
12
14
16
8
15
11
10
15
17
5
11
14
15
19
13
5
15
12
11
12
17
21
9
13
15
16
15
18
15
10
7
16
15
11
8
4
15
10
12
19
10
11
10
17
8
13
16
10
9
18
8
19
13
11
12
16
20
14
12
13
14
18
16
15
8
17
19
14
10
19
7
16
12
12
14
16
10
16
14
18
17
15
20
11
18
19
15
10
16
18
14
21
16
15
14
16
15
6
25
16
11
16
12
16
21
13
12
14
18
16
12
19
19
20
6
11
23
16
17
17
14
9
11
18
15
19
10
13
14
21
14
16
8
8
5
12
16
15
13
10
13
7
12
12
17
9
9
15
14
17
14
18
15
11
10
20
9
18
9
11
17
10
18
11
18
16
10
17
16
14
14
19
8
17
15
13
9
15
10
9
9
13
10
20
6
16
6
12
11
18
17
19
13
14
15
11
8
10
18
15
16
17
18
9
11
11
13
10
14
12
17
20
16
13
20
16
17
17
9
17
6
16
22
1
14
9
20
15
9
14
16
14
14
14
11
15
18
10
15
17
19
7
10
16
13
13
13
13
14
20
15
15
