25
1236
11
32
41
241
1
231
5
12
2

124
123122451263

24
512
63
1
2112
2153
62621125312
26225

21
5
1331224
5242
23
2664126233
2342322
63
24412625313
1324656
521
2145221
24131
262253
2
21
21322
212351123
26112362
1225
2
3
1112363
2452143521
2
11223253
3251
126252
5
4125125
5233
5216
14
225
421321125
222
21523
2121
1435241
1246
12

2621322
5341122
234212
222121
213
5
125
162261241
21321162
61521213
56512
3125
23
63552
166123
2
4425265
21216216
51263
23231
14526
21225336
211
54
25213242
61121
24621
152
123
212122121
212321521
12122

1
2212222
42
15
521523
232221
13231
12
21
22
5231
225
4233
2236
522
2323125
625224231
2
236
26125221
